age ht wt grmax
1 40 171 65 51
2 40 165.8 51.5 35
3 40 174.5 76.9 57
4 40 154.5 48.1 39
5 40 175.4 70.4 52
6 40 168.5 76.1 61
7 40 174.9 67 48
8 40 170.2 55.4 42
9 40 163.5 72.8 57
10 40 164.6 79 61
11 40 165.2 51 43
12 40 157 56.2 45
13 40 171.3 65.8 53
14 43 174.3 71.6 66
15 44 161.2 55.6 49
16 44 181.6 92.7 57
17 44 163.5 63 50
18 44 165.1 65.4 51
19 45 163.5 61.4 41
20 45 160.6 80.4 45
21 45 169.5 61 46
22 45 167.5 74.2 51
23 45 178.6 63 39
24 45 159.2 73.2 40
25 45 167 66.4 58
26 45 161.3 64.2 41
27 45 161.1 73 46
28 45 163.6 57 43
29 46 174.5 56 44
30 47 167.1 64.8 47
31 47 167.6 62 45
32 47 172.8 58.6 48
33 48 165.6 69.8 43
34 48 170.7 83.6 49
35 49 166 69.2 52
36 49 162.7 65.7 53
37 49 167.2 69.6 49
38 49 158.5 57.8 50
39 49 171.9 84.6 62
40 49 153.7 60.4 40
41 49 160.5 59.4 40
42 50 177.1 58.1 50
43 50 168.9 79.4 43
44 50 168.8 75.8 56
45 50 166.5 72.4 46
46 50 162.6 54.2 51
47 50 181 73.8 60
48 50 173.2 64.6 44
49 50 161.3 49.2 43
50 50 168.4 99 49
51 50 165 55 42
52 50 173.1 53.2 46
53 50 165.8 76.4 41
54 50 165.8 70.6 56
55 50 163.6 71 51
56 50 169 63.2 38
57 50 168.4 73 42
58 50 165.4 69.4 44
59 50 163.9 59 45
60 50 171.5 60.4 48
61 50 156.3 66.8 45
62 50 166.2 85.8 37
63 50 172.5 86.6 56
64 50 170.4 76.4 62
65 51 171.8 77.4 53
66 51 169.4 87.8 42
67 51 166 65.4 52
68 52 165.2 58.9 44
69 52 165.3 51.4 45
70 52 166.9 85.6 40
71 52 161.4 63 58
72 52 158.2 63.8 40
73 52 166.6 71 52
74 52 165.1 63.8 41
75 53 169 64.3 50
76 53 156.9 71 45
77 54 160.8 59.1 52
78 55 172.5 75.6 46
79 55 165.7 59.8 39
80 55 169.1 63.3 39
81 55 159.6 63 49
82 55 160.1 63.2 41
83 55 164.3 60.2 38
84 55 165 61 53
85 55 162.4 67.2 40
86 56 160 54 40
87 56 167 65.6 52
88 56 166.7 72 45
89 56 163.9 73 51
90 56 164.4 62.2 51
91 56 166.4 68.2 49
92 56 161 48.2 38
93 56 158.7 67.4 37
94 57 170.5 86.5 51
95 57 162.5 53 49
96 57 166.5 72 49
97 57 163.6 51 38
98 57 164.5 65.4 45
99 57 168.6 66.8 57
100 57 165.1 64.8 45
101 58 157.1 48.4 46
102 58 164.2 69.3 46
103 59 161 63 42
104 59 155.5 55.8 33
105 59 173.3 66.6 39
106 59 156 46.6 32
107 59 166 68.6 35
108 59 153.9 59.6 37
109 60 155 58.2 47
110 60 163.9 50.4 42
111 60 167.9 66.2 47
112 60 163.4 66.2 47
113 60 161.1 65.2 38
114 60 163 73 53
115 60 162.8 76.8 32
116 60 168.1 65.6 39
117 60 170.8 61.4 40
118 60 162.1 67 45
119 60 163.9 67 43
120 60 160.5 70.8 49
121 60 161.6 60.2 42
122 60 161.8 63 34
123 60 161.8 59.2 42
124 60 157.2 56 40
125 60 167.1 56.2 35
126 60 161.9 67 36
127 60 178.2 73.2 34
128 60 161.1 63 47
129 61 170.9 77.6 43
130 61 157.6 73.6 48
131 61 156.8 46.1 44
132 61 162 72.8 35
133 61 169.7 69 38
134 61 160.4 67.8 44
135 62 156.4 58.1 37
136 62 165 64.8 47
137 62 170.3 74.2 52
138 62 163.8 58.9 42
139 62 165 79.6 50
140 62 160.5 68.6 59
141 62 171.2 69 42
142 62 162.9 70.2 37
143 63 161.8 65.3 40
144 63 165.2 66.6 38
145 63 163.9 76.6 49
146 63 150.8 55 34
147 63 162.1 58.4 39
148 63 165.4 70 33
149 63 160.7 55.4 37
150 64 156.8 66.8 45
151 64 168.8 69.8 41
152 64 178.1 80.2 56
153 64 160.2 54 37
154 64 169.2 72.6 41
155 64 152.3 60.2 35
156 64 167.2 60 38
157 64 162.4 67.6 38
158 65 165.1 52.9 39
159 65 167.1 66.8 35
160 65 154.7 46 32
161 65 169.6 78.3 42
162 65 155.8 48.8 37
163 65 164.9 57.1 40
164 65 172 69.4 45
165 65 160.4 68.2 50
166 65 162.1 64.2 42
167 65 153.8 55 39
168 65 179.4 59 49
169 65 162.6 56 44
170 65 161 51.6 30
171 65 168.4 58.2 40
172 65 169.6 68 46
173 65 158.8 61.4 42
174 65 158.4 49 34
175 65 155.5 56.4 34
176 65 161.2 74.4 41
177 66 167 54.6 36
178 66 167.3 67.5 48
179 66 163.2 59.2 40
180 66 154.3 53.6 39
181 66 171 54.6 34
182 66 162.8 65 42
183 66 170.9 77.6 49
184 66 166.2 54.2 34
185 66 155.8 61.4 36
186 66 171.5 84.2 50
187 66 161.9 63.8 41
188 67 153 70.4 37
189 67 155.3 66.2 40
190 67 165.8 46.1 33
191 67 156.1 49.4 34
192 67 165.6 69.6 43
193 67 162.9 65.4 45
194 67 164.5 52.2 44
195 68 163 61.1 48
196 68 159.2 58.7 37
197 68 163.5 54.9 41
198 68 161.6 66.6 44
199 68 167.7 60.3 38
200 68 164.7 67.5 31
201 68 168 72.2 44
202 68 161.4 58.6 50
203 68 161.9 59.7 36
204 68 156.4 63.2 33
205 68 158.6 66 34
206 68 164.7 69.8 42
207 68 160 66 39
208 68 154.8 75.2 31
209 68 164.5 71 36
210 68 167.5 72.2 42
211 68 158.8 53.6 41
212 68 157.9 61.4 40
213 68 168.2 52.8 35
214 68 159.9 66.6 45
215 68 156.4 47.4 38
216 68 158.7 53 32
217 68 153.9 57 46
218 68 152.7 52.6 31
219 68 160.3 54.2 37
220 69 165.2 63.6 47
221 69 155.6 53.6 36
222 69 158.7 67.6 46
223 69 162.9 65.2 34
224 69 153.9 63.6 39
225 69 158.5 54.4 40
226 69 161.2 63.4 38
227 69 176.1 73 42
228 69 160.3 65 37
229 69 167.1 58 35
230 69 154.5 55.6 33
231 69 159.1 59.8 36
232 69 152.6 48.2 42
233 69 167.7 78 39
234 70 169.8 63 47
235 70 160.2 65 38
236 70 159 57 40
237 70 153.4 58.6 31
238 70 150 69.2 36
239 70 150.5 62 37
240 70 173 79.6 38
241 70 166.1 54.2 37
242 70 170.7 55.9 41
243 70 162.9 60.2 31
244 70 164.1 66.2 42
245 70 163 60 40
246 70 155.9 79 41
247 70 159.8 80.4 39
248 70 163.1 64.4 37
249 70 162.1 66 31
250 70 158.9 63.6 39
251 70 157.9 57.2 43
252 70 158.4 69.4 34
253 70 167.2 71.2 42
254 70 166.5 55.2 41
255 70 173.1 60.4 40
256 70 160.5 57.4 35
257 70 154.1 62 40
258 70 156.2 52 34
259 70 160.7 59.6 39
260 71 156.8 71 44
261 71 159.6 68.8 53
262 71 165.4 62.8 34
263 71 170.6 47.4 30
264 71 159.4 64.2 40
265 71 156.5 57.4 26
266 71 162.7 59.4 38
267 71 160.1 58.2 42
268 71 160.8 66.4 33
269 71 156.4 61.4 42
270 71 167.4 65.4 42
271 71 160.2 56.8 34
272 72 162 57.6 35
273 72 156.2 56.1 41
274 72 171.2 50.9 40
275 72 162 49.4 30
276 72 162.2 70.8 15
277 72 159.6 65 40
278 72 162 60.6 14
279 72 159.2 63.8 39
280 72 167 87.8 56
281 72 161.2 70.4 35
282 73 162.6 64.1 43
283 73 158.3 59.7 32
284 73 152.5 51.5 35
285 73 163.1 55.2 35
286 73 154.5 55.8 27
287 73 164.8 68.4 41
288 74 168.8 62.3 36
289 74 148.6 67.8 36
290 74 166 65.8 37
291 74 160.6 77.8 42
292 74 159.6 61 33
293 74 155.9 57.8 28
294 74 158.3 55.2 27
295 74 154 60.4 39
296 75 164.7 59.1 44
297 75 161.7 67.1 35
298 75 157.4 54.6 39
299 75 154 57.2 34
300 75 161.3 57.4 36
301 75 154.9 62.6 26
302 76 165 71.2 36
303 76 174.4 68.4 26
304 76 166.1 58.4 25
305 76 156.4 61.2 33
306 76 157.8 50.2 25
307 76 155.9 41.8 25
308 77 164.7 61.5 32
309 77 166.5 69.8 33
310 77 160.7 55.4 32
311 77 159.6 53.8 31
312 78 158.6 69.9 40
313 78 168 61.2 47
314 78 149.3 52.4 32
315 78 155.6 52.2 31
316 79 159.4 63 27
317 79 160.5 57.4 28
318 79 154.4 62.6 35
319 79 145.1 46.8 25
320 79 161.3 57 29
321 80 162.5 63.5 37
322 80 166.3 50.4 37
323 81 160.4 59.9 33
324 83 163.5 66.7 31
325 83 157.6 55.2 32
326 84 159.6 56.8 26
327 86 158.5 59.6 27
328 87 156.7 48.6 24
329 89 158.3 59.4 28
330 40 156.6 56.5 40
331 40 157.6 44.4 28
332 40 154.4 54.5 31
333 40 156.8 53.7 33
334 40 160 44.4 37
335 40 153 45.8 28
336 40 155 52.2 34
337 40 155.4 61.2 31
338 40 154.6 55.9 32
339 40 166.7 66.8 36
340 40 154.9 39.6 25
341 40 158.8 58.6 25
342 40 159.5 66.2 33
343 40 153.3 54.4 32
344 40 158.8 54.4 24
345 40 153.5 49 28
346 40 158.1 49.2 33
347 41 153 47.3 43
348 41 153 48.8 30
349 41 154.9 55.2 27
350 42 159.9 51.6 35
351 42 152.4 48.4 26
352 42 146 51 33
353 42 159.6 50.6 38
354 42 156.7 53.2 35
355 43 163.1 66.6 34
356 43 156.6 55 32
357 43 163 53.8 40
358 43 157 43.6 22
359 43 144.4 63.6 27
360 43 149.1 48.8 30
361 43 153.4 48 29
362 44 163.5 54.3 34
363 44 148.6 45.6 28
364 44 151.2 51.6 32
365 45 159 58 33
366 45 151 43.6 27
367 45 156 49.4 26
368 45 148.3 48.4 34
369 45 153 60.8 30
370 45 162 60 36
371 45 156.7 58.4 36
372 45 157 54.9 28
373 45 149.7 49.9 26
374 45 152.7 62.8 34
375 45 148.7 40.4 25
376 45 147.6 77.8 22
377 45 173.8 68.4 55
378 45 161.1 70 27
379 45 157.4 57.6 27
380 45 157.6 49.8 28
381 45 161.9 55 36
382 45 152 52 36
383 45 153.6 69.4 25
384 45 144.9 42 23
385 45 151.2 50 25
386 45 155.9 46.6 27
387 45 148.8 49 31
388 45 142.7 60.2 24
389 45 150.7 68.6 27
390 46 152 51 29
391 46 158.4 52.5 30
392 46 152.4 44.2 25
393 46 148.7 57.5 15
394 46 152.1 55 36
395 46 148.6 52 30
396 46 161.6 58.6 29
397 46 152.7 76.4 25
398 46 147.3 38 21
399 46 148 52.2 29
400 47 160.1 63.5 40
401 47 150.6 41.4 24
402 47 152.8 48.3 26
403 47 155.6 53.8 35
404 47 163.9 84 34
405 47 157.7 60 28
406 47 162.4 58.4 31
407 47 148.6 52.2 32
408 47 162.6 51.4 29
409 47 147.8 53.2 25
410 47 156.3 55.4 27
411 47 160.7 48.4 28
412 47 148.4 39.2 23
413 47 162.1 57.8 30
414 48 160.9 72.7 32
415 48 163.1 73.5 36
416 48 157 63 36
417 48 156.5 56.2 32
418 48 153.4 64.6 28
419 48 162.8 61.2 43
420 48 141.4 58.8 24
421 49 141.4 47.6 25
422 49 154 52.2 31
423 49 146.6 62.3 28
424 49 153.2 61.2 27
425 49 148.6 44.9 27
426 49 151.6 52.4 32
427 49 158.3 51 25
428 49 157 62.8 35
429 49 150 56.8 30
430 49 153.8 47.4 27
431 49 140.5 54.4 19
432 50 148.9 58.1 27
433 50 151.8 51 32
434 50 156.6 55.8 34
435 50 158.7 48.8 34
436 50 153.5 58.1 27
437 50 150.5 58.4 36
438 50 153 54.6 32
439 50 153 62.8 39
440 50 155.1 47.4 29
441 50 151.3 62.4 21
442 50 150 58.6 23
443 50 157.4 59.2 39
444 50 168.8 65.6 47
445 50 157.8 50.2 26
446 50 153.1 53.2 26
447 50 150.4 45.6 30
448 50 146.6 68 26
449 50 146.7 54.6 23
450 50 153.3 57 24
451 50 150.2 35.2 25
452 50 149 53.4 26
453 50 161.4 54.4 22
454 50 159.4 69.2 35
455 50 153.9 58.6 29
456 50 151.4 61.6 35
457 50 154.8 62.8 24
458 50 158.2 56.4 27
459 50 157.9 60.4 31
460 50 154.6 66 15
461 50 157.4 56.6 28
462 50 152.5 59.4 34
463 50 153.7 70.4 24
464 51 150.1 44.6 16
465 51 157.8 54.7 28
466 51 145.9 39.9 19
467 51 154.5 50.6 32
468 51 152.2 49.2 25
469 51 160.4 68.2 37
470 51 153.8 71.8 28
471 51 149.6 53.8 29
472 51 151.8 52.2 24
473 51 147.9 61.2 28
474 51 151.3 54.4 29
475 51 145.8 58.2 31
476 51 153.1 51.6 29
477 52 146.3 58.2 23
478 52 149.5 52.8 30
479 52 153.1 50.8 16
480 52 144.9 47.6 28
481 52 156.7 57.2 22
482 52 152.2 53.8 26
483 52 157.5 91 36
484 52 155.7 55 31
485 52 154.1 55.2 34
486 52 158.3 64 34
487 52 148.5 66.6 27
488 53 158.6 73.4 37
489 53 158 45.2 30
490 53 154.9 62 26
491 53 154.2 52.1 22
492 53 157.6 52.3 27
493 53 148.8 50 26
494 53 150 50.4 24
495 53 150 59.4 27
496 53 149.3 50.8 27
497 53 149.9 54 28
498 53 147.9 45.6 16
499 54 156.4 62.4 30
500 54 144 42.4 24
501 54 154.3 58.4 30
502 54 156.8 61.6 21
503 54 153.7 60.6 16
504 54 150.8 71.8 32
505 54 149.1 46.8 24
506 54 155.9 64.4 28
507 54 145 42.2 19
508 55 158.6 68.5 33
509 55 152.1 50.2 25
510 55 152.4 51.7 30
511 55 150.2 52.9 26
512 55 148.7 61.7 30
513 55 149.4 43.6 30
514 55 152.5 52.4 27
515 55 153 49.2 26
516 55 152.3 62.7 22
517 55 153.1 41 19
518 55 152.8 69.6 29
519 55 155.2 47.8 21
520 55 145.7 53.4 27
521 55 155 45.4 29
522 55 155.7 59.4 37
523 55 149.1 57.6 26
524 55 148.6 57.2 18
525 55 153 58.6 33
526 55 157.7 60.2 23
527 55 156.4 60.8 28
528 55 150.7 49 25
529 55 157.3 49.8 26
530 55 157.5 55.8 26
531 55 151.5 75.8 27
532 55 149.3 55 22
533 55 152.5 61.2 24
534 55 154.9 54.4 26
535 55 143.8 51.2 19
536 55 156.4 77.4 40
537 55 151.4 54.8 23
538 55 152.8 48.2 20
539 56 155.4 70 28
540 56 154.3 48.8 25
541 56 148.4 55.2 24
542 56 155.8 55 15
543 56 158 59.4 23
544 56 146.2 36 22
545 56 143.8 49.2 23
546 57 143.9 50.5 26
547 57 154 64.2 28
548 57 161.2 51.5 30
549 57 155.3 54.7 29
550 57 153.4 52.2 20
551 57 160.5 61 30
552 57 154.1 66.4 28
553 57 144.7 53 18
554 57 155.7 57 25
555 57 149.8 53.2 30
556 57 146.5 58.8 24
557 57 153.1 47.8 27
558 57 143.6 43.4 22
559 57 158 60.2 23
560 57 153.9 43.4 22
561 57 147.9 46.6 22
562 58 143 57.2 30
563 58 149.4 55.9 24
564 58 150.1 58.5 28
565 58 159 67 31
566 58 157.2 60 31
567 58 161.6 56.8 31
568 58 148.2 66.6 20
569 58 154.1 58.6 29
570 58 149 46.8 26
571 58 150.6 63.2 34
572 58 153.9 53.8 24
573 58 150.8 47.4 26
574 59 156.6 57.2 25
575 59 158 55.6 26
576 59 149.7 65.6 21
577 59 151.2 49.6 30
578 59 154.5 63 25
579 59 151.4 63.4 26
580 59 142 49.4 24
581 59 148.9 50.4 20
582 59 147.8 48.2 25
583 59 152.4 61.2 23
584 59 148.7 44.6 28
585 59 148.2 59 28
586 59 150.4 52.8 31
587 60 155 59.2 29
588 60 139.4 51.4 28
589 60 151.1 50.5 23
590 60 150 49.4 23
591 60 147.3 53 29
592 60 144.3 50.2 23
593 60 158.9 53.8 30
594 60 142.5 46.8 26
595 60 143.9 50 21
596 60 154.7 59.8 30
597 60 148.8 50 22
598 60 153.9 53 28
599 60 162.2 72.4 30
600 60 153 57 24
601 60 155.1 72 21
602 60 142.7 51.2 28
603 60 146.2 59.6 21
604 60 155.3 50.8 32
605 60 150.3 58.2 30
606 60 156.8 62.2 34
607 60 150.8 43.8 21
608 60 148.9 56.6 26
609 60 140.7 37.8 20
610 60 148.3 43 22
611 60 151.6 54.4 23
612 60 154 53 26
613 61 150.6 42.4 23
614 61 156 58.2 32
615 61 159.1 67.4 33
616 61 148.3 53.2 28
617 61 153.7 49.8 33
618 61 150.9 57.7 28
619 61 154.3 49.3 21
620 61 151.9 57.2 22
621 61 154.6 57.4 22
622 61 162.5 52.2 26
623 61 144.6 47.6 27
624 61 152.8 56.2 23
625 61 146 40.2 27
626 61 146.1 56.6 19
627 61 157.1 63.2 30
628 61 161.1 51.6 27
629 61 152.4 58.6 28
630 61 152.4 58.8 21
631 61 152.5 54 23
632 61 146.6 59.3 20
633 61 146.6 58.2 21
634 61 152.6 62.2 33
635 61 147.7 64.4 24
636 62 157.8 58.3 25
637 62 159 59.2 20
638 62 164.5 68.2 41
639 62 155.5 77.9 22
640 62 154.5 62.6 35
641 62 153.4 56.8 34
642 62 157 72.3 25
643 62 153.6 64.8 26
644 62 154.3 63.6 27
645 62 140.5 54 20
646 62 145.1 53.2 26
647 62 145.7 46.8 23
648 62 146.6 53.4 22
649 62 159.7 58.8 31
650 62 152.1 50.2 24
651 62 145.3 48.6 27
652 63 148.2 42.2 26
653 63 149.6 40.4 25
654 63 147.5 46.6 28
655 63 153.9 62.7 28
656 63 144.2 42.6 21
657 63 152.9 59.4 24
658 63 152 53.4 24
659 63 146.9 50.6 22
660 63 140.2 49.6 19
661 63 157.4 54 31
662 63 158.6 54.2 25
663 63 148.8 55 19
664 63 144.5 54.6 19
665 63 149.4 44.6 25
666 64 150 56.8 33
667 64 150 64 31
668 64 146.9 51.4 27
669 64 154.6 53.1 27
670 64 145 43 26
671 64 143.4 61.5 23
672 64 151.5 63.4 26
673 64 153.6 48 28
674 64 146.8 49.9 25
675 64 150.8 53 27
676 64 148.5 50.2 25
677 64 146.7 60.5 23
678 64 157.2 59.4 29
679 64 158.6 59.8 22
680 64 155.5 65.4 25
681 64 153.4 69 27
682 64 153.9 58.2 17
683 64 148.7 45.2 26
684 64 140.4 38.8 22
685 64 152 57.2 29
686 64 147.6 51.4 19
687 64 148.6 52.8 28
688 65 154.7 86.7 20
689 65 145.6 43.7 11
690 65 154.1 50.7 27
691 65 145.7 50.5 21
692 65 149 65 25
693 65 155 61.6 23
694 65 151.7 49.4 24
695 65 145 67.3 20
696 65 150.9 44.7 23
697 65 147.3 49.3 20
698 65 155.9 60 32
699 65 154.4 52.2 22
700 65 155 60 23
701 65 153.3 54.2 23
702 65 149.5 57.6 27
703 65 154.4 64.2 22
704 65 155.9 61 24
705 65 146.4 42.4 26
706 65 143.5 55.8 20
707 65 154.5 61.8 27
708 65 154 43.4 22
709 65 151.5 54.8 20
710 65 161.8 84.2 11
711 65 148.6 66.4 24
712 65 147.8 37 21
713 65 145.5 60.4 21
714 65 151 52.8 18
715 65 138.4 42.6 15
716 66 150.6 41.6 24
717 66 154.9 44 27
718 66 158.6 57.3 29
719 66 150.3 70.1 29
720 66 154.9 49.8 23
721 66 149.8 62 29
722 66 153.5 62.7 24
723 66 146.8 42.1 15
724 66 151.5 70.6 28
725 66 162.4 66.4 23
726 66 151.6 58.6 28
727 66 143.6 51.4 21
728 66 154.1 58.2 28
729 66 156.4 72 20
730 66 158.6 54.8 33
731 66 151.2 62.4 26
732 66 150.9 55.4 21
733 66 152.7 50.4 27
734 66 148.4 52.8 25
735 66 143.6 42 23
736 67 149.3 62.1 23
737 67 149.9 59.8 20
738 67 144.8 51.1 24
739 67 146.8 57.7 23
740 67 156 55.6 29
741 67 154.4 56.2 25
742 67 160.3 50.9 20
743 67 149.1 48.7 32
744 67 154.5 45.4 24
745 67 146.3 53.6 14
746 67 149 53.4 26
747 67 142.6 50.2 20
748 67 150.8 64.8 30
749 67 147.9 53.8 28
750 67 153.2 65.4 27
751 67 150.7 54 30
752 67 144 56.2 22
753 67 144.4 53 15
754 67 146 44.8 26
755 67 144.8 44 18
756 68 161.1 64.7 32
757 68 148 52 25
758 68 145.4 54.5 23
759 68 150.1 52.6 32
760 68 145.3 59.1 21
761 68 150.8 65 18
762 68 160.8 56 27
763 68 154.7 69.8 21
764 68 153.9 65.2 28
765 68 143.7 52.6 28
766 68 150.1 57.2 22
767 68 148.9 44.4 22
768 68 149.2 57 23
769 68 138.3 48.2 25
770 68 135.5 46 15
771 68 154.6 58.4 29
772 68 148.1 61.2 24
773 69 153.7 55.8 27
774 69 147.7 57.4 25
775 69 146 54.2 27
776 69 150.3 56.8 33
777 69 148.9 47.1 22
778 69 152.3 52.7 25
779 69 146.6 64 21
780 69 144.9 51.5 27
781 69 146.1 51 24
782 69 138.1 50 16
783 69 150.1 56 27
784 69 144.6 45.8 24
785 69 155.9 72.4 27
786 69 144.2 58 21
787 69 143.1 47.6 20
788 69 154.8 70.2 26
789 69 149.4 59.2 20
790 69 151.5 63 23
791 69 160.3 64.2 30
792 69 143.6 50 19
793 69 141.6 41.8 21
794 70 152.6 46.7 29
795 70 144.7 49.9 23
796 70 154.7 55.1 23
797 70 155.9 52.4 20
798 70 162.3 68.1 34
799 70 146 51.4 21
800 70 152.3 47 28
801 70 156.6 50.4 18
802 70 150 49 24
803 70 149.9 60.8 18
804 70 148.5 50 27
805 70 151.5 60.5 27
806 70 156.3 60 28
807 70 156.4 63 30
808 70 148 45.8 28
809 70 147.4 51 27
810 70 151.8 57.4 24
811 70 139.4 51 19
812 70 144.7 53.2 23
813 70 142.1 52.4 21
814 70 135 43.8 23
815 70 155.6 51.6 26
816 70 141.5 46.6 20
817 70 138.9 45.2 19
818 70 143.9 52.4 23
819 70 149.3 57.2 25
820 70 151.9 47.8 22
821 71 152.4 69.7 25
822 71 148.9 51 28
823 71 152.8 53 27
824 71 147.5 53.8 30
825 71 151.9 49.3 22
826 71 145.8 52.4 27
827 71 151.1 58.4 25
828 71 151.9 50.2 26
829 71 147.2 55.4 25
830 71 147.7 56.4 28
831 71 152.8 60.4 23
832 71 155.6 58 23
833 71 154.3 54.4 22
834 71 153.8 57.2 22
835 71 151.3 57.6 27
836 72 155.6 60.6 20
837 72 152.4 50.2 19
838 72 154.6 61.2 24
839 72 156.6 55.8 23
840 72 149.9 56.6 25
841 72 158.1 61.2 23
842 72 149.7 44.4 23
843 72 146.9 60 28
844 72 155.1 62.6 26
845 72 151.2 53.4 24
846 73 153 48 24
847 73 152 53.8 25
848 73 155.1 54.9 22
849 73 145.2 56 23
850 73 144.7 50.2 21
851 73 145.5 51.2 24
852 73 137.8 47.4 22
853 73 147.6 40.8 24
854 73 145.7 53.4 18
855 73 143.8 50.4 20
856 73 142.9 45.4 23
857 73 150.1 43 20
858 73 144.7 35.8 17
859 73 147.9 54 24
860 73 146.8 49.8 25
861 73 137.5 40 24
862 73 145 51.6 20
863 74 142 61 23
864 74 151.5 49.2 25
865 74 151.5 66.3 19
866 74 141.6 54 21
867 74 145.6 65.4 18
868 74 148 54.6 23
869 74 153 52.8 26
870 74 147.6 55.8 28
871 74 139.2 43.8 15
872 75 146.4 59 27
873 75 146 49.8 22
874 75 145.7 56.2 25
875 75 144.3 46.9 12
876 75 146.4 57.4 17
877 75 132.4 43 21
878 75 149 55.2 20
879 75 152.4 62.6 20
880 76 150 52.2 25
881 76 140.9 58.2 19
882 76 159.5 53.6 28
883 76 143.6 55.6 20
884 76 140.7 39 18
885 76 139.8 48.6 26
886 76 145.4 52.4 16
887 77 157 53 29
888 77 134 37.8 19
889 77 136.8 51.6 24
890 77 150.1 60 27
891 77 144.7 52.8 22
892 77 144.6 46.2 21
893 77 146.2 44.2 28
894 77 138.8 40.8 19
895 78 148 55.4 22
896 78 147.6 53.2 17
897 78 142.1 54.4 22
898 78 148.9 39.4 20
899 78 136.5 50.8 21
900 79 146.5 50.7 25
901 79 153.3 52.2 25
902 79 143.2 45.8 20
903 80 138.9 40.3 13
904 80 146.9 38.8 18
905 80 147.6 57.8 25
906 81 142.8 40.6 17
907 81 144.9 56.2 24
908 82 141.8 41.4 22
909 83 131.8 41.4 13
